10 15
219 14 0 219 14 0 219 14 0 219 14 0 219 14 0 219 14 0 219 14 0 219 14 0 219 14 0 219 14 0 219 14 0 219 14 0 219 14 0 219 14 0 219 14 0 
219 14 0 219 14 0 32 4 14 32 4 14 32 4 14 32 4 14 32 4 14 219 14 0 219 14 0 219 14 0 219 14 0 219 14 0 219 14 0 219 14 0 219 14 0 
219 14 0 219 14 0 219 14 0 1 4 14 32 4 14 32 4 14 32 4 14 1 4 14 219 14 0 219 14 0 32 4 14 1 4 14 219 14 0 219 14 0 219 14 0 
219 14 0 219 14 0 219 14 0 219 14 0 219 14 0 219 14 0 1 4 14 1 4 14 1 4 14 219 14 0 219 14 0 219 14 0 219 14 0 219 14 0 219 14 0 
219 14 0 219 14 0 219 14 0 219 14 0 219 14 0 219 14 0 1 4 14 1 4 14 1 4 14 219 14 0 219 14 0 219 14 0 219 14 0 219 14 0 219 14 0 
1 4 14 1 4 14 219 14 0 219 14 0 219 14 0 219 14 0 219 14 0 219 14 0 219 14 0 219 14 0 219 14 0 219 14 0 1 4 14 1 4 14 219 14 0 
219 14 0 1 4 14 1 4 14 219 14 0 219 14 0 219 14 0 219 14 0 219 14 0 219 14 0 219 14 0 219 14 0 1 4 14 1 4 14 219 14 0 219 14 0 
219 14 0 219 14 0 1 4 14 1 4 14 1 4 14 1 4 14 1 4 14 1 4 14 1 4 14 1 4 14 1 4 14 219 14 0 219 14 0 219 14 0 219 14 0 
219 14 0 219 14 0 219 14 0 219 14 0 219 14 0 219 14 0 219 14 0 219 14 0 219 14 0 219 14 0 219 14 0 219 14 0 219 14 0 219 14 0 219 14 0 
219 14 0 219 14 0 219 14 0 219 14 0 219 14 0 219 14 0 219 14 0 219 14 0 219 14 0 219 14 0 219 14 0 219 14 0 219 14 0 219 14 0 219 14 0 
