
///// Example on how to use this class
//vector <int> text{
//219,219,219,219,219,219,219,219,219,219,219,219,219,219,219,219,219,219,219,219,219,219,219,219,219,219,219,219,219,219,219,219,219,219,219,219,219,219,219,219,219,219,219,219,219,219,219,219,219,219,219,219,219,219,219,219,219,219,219,219,219,
//219,176,176,176,176,176,176,176,176,176,176,176,176,176,176,219,176,176,176,176,176,176,176,176,176,176,176,176,176,176,219,176,176,176,176,176,176,176,176,176,176,176,176,176,176,219,176,176,176,176,176,176,176,176,176,176,176,176,176,176,219,
//219,176,176,220,223,220,223,220,223,220,223,220,223,176,176,219,176,176,220,223,220,223,220,223,220,223,220,223,176,176,219,176,176,220,223,220,223,220,223,220,223,220,223,176,176,219,176,176,220,223,220,223,220,223,220,223,220,223,176,176,219,
//219,176,176,176,176,176,176,220,223,176,176,176,176,176,176,219,176,176,220,223,176,176,176,176,176,176,176,176,176,176,219,176,176,220,223,176,176,176,176,176,176,176,176,176,176,219,176,176,176,176,176,176,220,223,176,176,176,176,176,176,219,
//219,219,219,219,219,176,176,220,223,176,176,219,219,219,219,219,176,176,220,223,176,176,219,219,219,219,219,219,219,219,219,176,176,220,223,176,176,219,219,219,219,219,219,219,219,219,219,219,219,219,176,176,220,223,176,176,219,219,219,219,219,
//219,219,219,219,219,176,176,220,223,176,176,219,219,219,219,219,176,176,220,223,176,176,176,176,176,176,176,176,176,176,219,176,176,220,223,176,176,176,176,176,176,176,176,176,176,219,219,219,219,219,176,176,220,223,176,176,219,219,219,219,219,
//219,219,219,219,219,176,176,220,223,176,176,219,219,219,219,219,176,176,220,223,220,223,220,223,220,223,220,223,176,176,219,176,176,220,223,220,223,220,223,220,223,220,223,176,176,219,219,219,219,219,176,176,220,223,176,176,219,219,219,219,219,
//219,219,219,219,219,176,176,220,223,176,176,219,219,219,219,219,176,176,220,223,176,176,176,176,176,176,176,176,176,176,219,176,176,176,176,176,176,176,176,176,176,220,223,176,176,219,219,219,219,219,176,176,220,223,176,176,219,219,219,219,219,
//219,219,219,219,219,176,176,220,223,176,176,219,219,219,219,219,176,176,220,223,176,176,219,219,219,219,219,219,219,219,219,219,219,219,219,219,219,219,219,176,176,220,223,176,176,219,219,219,219,219,176,176,220,223,176,176,219,219,219,219,219,
//219,219,219,219,219,176,176,220,223,176,176,219,219,219,219,219,176,176,220,223,176,176,176,176,176,176,176,176,176,176,219,176,176,176,176,176,176,176,176,176,176,220,223,176,176,219,219,219,219,219,176,176,220,223,176,176,219,219,219,219,219,
//219,219,219,219,219,176,176,220,223,176,176,219,219,219,219,219,176,176,220,223,220,223,220,223,220,223,220,223,176,176,219,176,176,220,223,220,223,220,223,220,223,220,223,176,176,219,219,219,219,219,176,176,220,223,176,176,219,219,219,219,219,
//219,219,219,219,219,176,176,176,176,176,176,219,219,219,219,219,176,176,176,176,176,176,176,176,176,176,176,176,176,176,219,176,176,176,176,176,176,176,176,176,176,176,176,176,176,219,219,219,219,219,176,176,176,176,176,176,219,219,219,219,219,
//219,219,219,219,219,219,219,219,219,219,219,219,219,219,219,219,219,219,219,219,219,219,219,219,219,219,219,219,219,219,219,219,219,219,219,219,219,219,219,219,219,219,219,219,219,219,219,219,219,219,219,219,219,219,219,219,219,219,219,219,219,
//
//};
//
//vector <int> box{
//	176,176,176,176,176,176,176,176,176,176,176,176,176,176,176,176,176,176,176,176,176,176,176,176,176,176,
//	176,176,176,176,219,219,219,219,219,219,219,219,219,219,219,219,219,219,219,219,219,219,219,176,176,176,
//	176,176,176,176,219,32,32,32,32,32,32,32,32,32,32,32,32,32,32,32,32,32,219,176,176,176,
//	176,176,176,176,219,32,32,32,32,32,32,32,32,32,32,32,32,32,32,32,32,32,219,176,176,176,
//	176,176,176,176,219,32,32,32,32,32,32,32,32,32,32,32,32,32,32,32,32,32,219,176,176,176,
//	176,176,176,176,219,32,32,32,32,32,32,32,32,32,32,32,32,32,32,32,32,32,219,176,176,176,
//	176,176,176,176,219,32,32,32,32,32,32,32,32,32,32,32,32,32,32,32,32,32,219,176,176,176,
//	176,176,176,176,219,219,219,219,219,219,219,219,219,219,219,219,219,219,219,219,219,219,219,176,176,176,
//	176,176,176,176,176,176,176,176,176,176,176,176,176,176,176,176,176,176,176,176,176,176,176,176,176,176,
//	176,176,176,176,176,176,176,176,176,176,176,176,176,176,176,176,176,176,176,176,176,176,176,176,176,176
//};
//
//Shapes s;
//s.MapValueToColor(176, 10);
//s.MapValueToColor(219, 14);
//s.MapValueToColor(32, 54);
//
//s.Displayshape(box, 26, 0, 0);
//
//s.Displayshape(text, 61, 30, 5);